sequence	contig	segment	start	stop	size
line15_NS113 	 0 	 1 	 35115 	 536303 	 501189 
line15_NS113 	 0 	 2 	 1690981 	 1733709 	 42729 
line15_NS113 	 0 	 3 	 3032937 	 6372164 	 3339228 
line15_NS113 	 0 	 4 	 22420871 	 22443121 	 22251 
line15_NS113 	 0 	 5 	 23180375 	 23202090 	 21716 
line15_NS113 	 1 	 1 	 313371 	 330742 	 17372 
line15_NS113 	 1 	 2 	 867955 	 878104 	 10150 
line15_NS113 	 1 	 3 	 1014035 	 7864748 	 6850714 
line15_NS113 	 2 	 1 	 21587218 	 22540993 	 953776 
line15_NS113 	 2 	 2 	 23061477 	 23236946 	 175470 
line15_NS113 	 2 	 3 	 23344008 	 23419440 	 75433 
line15_NS113 	 3 	 1 	 817003 	 828848 	 11846 
line15_NS113 	 3 	 2 	 2002558 	 2021500 	 18943 
line15_NS113 	 3 	 3 	 4569043 	 4612526 	 43484 
line15_NS113 	 3 	 4 	 5012610 	 5039840 	 27231 
