sequence	contig	segment	start	stop	size
line18_NS33 	 0 	 1 	 10345848 	 10374802 	 28955 
line18_NS33 	 0 	 2 	 11097860 	 11225847 	 127988 
line18_NS33 	 0 	 3 	 11600297 	 11659288 	 58992 
line18_NS33 	 0 	 4 	 20081915 	 20096725 	 14811 
line18_NS33 	 1 	 1 	 107077 	 135572 	 28496 
line18_NS33 	 1 	 2 	 1780617 	 1792429 	 11813 
line18_NS33 	 1 	 3 	 2026858 	 3132593 	 1105736 
line18_NS33 	 1 	 4 	 3274531 	 4140258 	 865728 
line18_NS33 	 1 	 5 	 10179826 	 10214162 	 34337 
line18_NS33 	 1 	 6 	 11353280 	 12004130 	 650851 
line18_NS33 	 1 	 7 	 19093781 	 21477530 	 2383750 
line18_NS33 	 2 	 1 	 22696116 	 22712561 	 16446 
