sequence	contig	segment	start	stop	size
line09_CY21B3 	 0 	 1 	 11424738 	 13000257 	 1575520 
line09_CY21B3 	 0 	 2 	 13567259 	 14665530 	 1098272 
line09_CY21B3 	 1 	 1 	 1739443 	 1790346 	 50904 
line09_CY21B3 	 1 	 2 	 2043406 	 18583752 	 16540347 
line09_CY21B3 	 1 	 3 	 18804109 	 18920576 	 116468 
line09_CY21B3 	 1 	 4 	 19168611 	 19843613 	 675003 
line09_CY21B3 	 1 	 5 	 19963068 	 19985069 	 22002 
line09_CY21B3 	 1 	 6 	 20109883 	 20137976 	 28094 
line09_CY21B3 	 1 	 7 	 20244501 	 20272011 	 27511 
line09_CY21B3 	 1 	 8 	 20518105 	 20535732 	 17628 
line09_CY21B3 	 1 	 9 	 20635916 	 20853525 	 217610 
line09_CY21B3 	 2 	 1 	 881251 	 1013431 	 132181 
line09_CY21B3 	 2 	 2 	 1757945 	 2498938 	 740994 
line09_CY21B3 	 2 	 3 	 2821957 	 21083427 	 18261471 
line09_CY21B3 	 3 	 1 	 6867262 	 6884916 	 17655 
line09_CY21B3 	 3 	 2 	 8084326 	 8097444 	 13119 
line09_CY21B3 	 3 	 3 	 12635850 	 12751093 	 115244 
line09_CY21B3 	 3 	 4 	 13611795 	 13629004 	 17210 
line09_CY21B3 	 3 	 5 	 13827461 	 14411239 	 583779 
line09_CY21B3 	 3 	 6 	 14744633 	 15045236 	 300604 
line09_CY21B3 	 3 	 7 	 17132132 	 18302699 	 1170568 
line09_CY21B3 	 3 	 8 	 18708453 	 18816601 	 108149 
line09_CY21B3 	 3 	 9 	 19139584 	 19163514 	 23931 
