sequence	contig	segment	start	stop	size
line07_CY13A 	 0 	 1 	 14877728 	 17971471 	 3093744 
line07_CY13A 	 0 	 2 	 20779296 	 20795237 	 15942 
line07_CY13A 	 0 	 3 	 20898397 	 20998634 	 100238 
line07_CY13A 	 0 	 4 	 21331003 	 21346534 	 15532 
line07_CY13A 	 0 	 5 	 21475813 	 21499792 	 23980 
line07_CY13A 	 2 	 1 	 17896642 	 17910511 	 13870 
line07_CY13A 	 3 	 1 	 6866144 	 6884901 	 18758 
line07_CY13A 	 3 	 2 	 7517173 	 12684763 	 5167591 
line07_CY13A 	 3 	 3 	 14139890 	 14184034 	 44145 
line07_CY13A 	 3 	 4 	 14336374 	 14393124 	 56751 
line07_CY13A 	 4 	 1 	 1889274 	 1958543 	 69270 
line07_CY13A 	 4 	 2 	 3074840 	 3089935 	 15096 
line07_CY13A 	 4 	 3 	 3259561 	 3271206 	 11646 
line07_CY13A 	 4 	 4 	 10822353 	 14986905 	 4164553 
