sequence	contig	segment	start	stop	size
line14_NY56 	 0 	 1 	 4213757 	 4780051 	 566295 
line14_NY56 	 0 	 2 	 9766604 	 10277477 	 510874 
line14_NY56 	 0 	 3 	 13794958 	 19212837 	 5417880 
line14_NY56 	 0 	 4 	 19860597 	 19882389 	 21793 
line14_NY56 	 0 	 5 	 20323297 	 20336741 	 13445 
line14_NY56 	 0 	 6 	 20780581 	 20793271 	 12691 
line14_NY56 	 0 	 7 	 21667870 	 21687634 	 19765 
line14_NY56 	 0 	 8 	 21920552 	 21937496 	 16945 
line14_NY56 	 3 	 1 	 6867603 	 6884880 	 17278 
line14_NY56 	 3 	 2 	 7520503 	 7532494 	 11992 
line14_NY56 	 3 	 3 	 12964728 	 12977299 	 12572 
line14_NY56 	 3 	 4 	 13918559 	 13992282 	 73724 
line14_NY56 	 4 	 1 	 6920348 	 6940370 	 20023 
line14_NY56 	 4 	 2 	 7651778 	 9577656 	 1925879 
line14_NY56 	 4 	 3 	 9684405 	 12904279 	 3219875 
line14_NY56 	 4 	 4 	 14406939 	 14985288 	 578350 
