sequence	contig	segment	start	stop	size
line18_NY42 	 0 	 1 	 20051059 	 20109337 	 58279 
line18_NY42 	 0 	 2 	 20320318 	 20335585 	 15268 
line18_NY42 	 0 	 3 	 20878222 	 20999027 	 120806 
line18_NY42 	 0 	 4 	 21287956 	 21300433 	 12478 
line18_NY42 	 0 	 5 	 21660823 	 21681655 	 20833 
line18_NY42 	 0 	 6 	 21924750 	 21935556 	 10807 
line18_NY42 	 0 	 7 	 22659721 	 22671185 	 11465 
line18_NY42 	 1 	 1 	 1737745 	 1791922 	 54178 
line18_NY42 	 2 	 1 	 8944571 	 8963690 	 19120 
line18_NY42 	 2 	 2 	 17898590 	 17910690 	 12101 
line18_NY42 	 3 	 1 	 6867633 	 6979550 	 111918 
line18_NY42 	 3 	 2 	 8318091 	 8329519 	 11429 
line18_NY42 	 3 	 3 	 13755779 	 13887731 	 131953 
line18_NY42 	 3 	 4 	 14336210 	 14571949 	 235740 
line18_NY42 	 3 	 5 	 17210108 	 17593399 	 383292 
line18_NY42 	 4 	 1 	 14473549 	 14790923 	 317375 
line18_NY42 	 4 	 2 	 21294765 	 21719867 	 425103 
