sequence	contig	segment	start	stop	size
line16_NY65 	 0 	 1 	 15770282 	 18914300 	 3144019 
line16_NY65 	 0 	 2 	 19080146 	 19165554 	 85409 
line16_NY65 	 0 	 3 	 19293923 	 20338828 	 1044906 
line16_NY65 	 0 	 4 	 20471806 	 20515119 	 43314 
line16_NY65 	 0 	 5 	 21924387 	 21939782 	 15396 
line16_NY65 	 1 	 1 	 1740093 	 1790959 	 50867 
line16_NY65 	 3 	 1 	 6867603 	 7607271 	 739669 
line16_NY65 	 3 	 2 	 13586483 	 14393143 	 806661 
line16_NY65 	 3 	 3 	 14740880 	 14780582 	 39703 
line16_NY65 	 3 	 4 	 18803794 	 18912513 	 108720 
line16_NY65 	 4 	 1 	 1694098 	 1708903 	 14806 
line16_NY65 	 4 	 2 	 3076255 	 3089935 	 13681 
line16_NY65 	 4 	 3 	 3254704 	 3270979 	 16276 
line16_NY65 	 4 	 4 	 6921491 	 9541833 	 2620343 
line16_NY65 	 4 	 5 	 9735837 	 22264019 	 12528183 
