sequence	contig	segment	start	stop	size
line20_NY141 	 0 	 1 	 3486064 	 9371257 	 5885194 
line20_NY141 	 1 	 1 	 1738652 	 1792074 	 53423 
line20_NY141 	 1 	 2 	 2223925 	 2235037 	 11113 
line20_NY141 	 2 	 1 	 8808258 	 9567741 	 759484 
line20_NY141 	 2 	 2 	 9828849 	 10902354 	 1073506 
line20_NY141 	 2 	 3 	 19990926 	 20671537 	 680612 
line20_NY141 	 3 	 1 	 6865977 	 6884915 	 18939 
line20_NY141 	 3 	 2 	 11273763 	 11406006 	 132244 
line20_NY141 	 3 	 3 	 12636357 	 12685467 	 49111 
line20_NY141 	 3 	 4 	 13912981 	 13929475 	 16495 
line20_NY141 	 3 	 5 	 14404976 	 14436801 	 31826 
line20_NY141 	 3 	 6 	 14766229 	 14779130 	 12902 
