sequence	contig	segment	start	stop	size
line19_NY85 	 1 	 1 	 51108 	 155755 	 104648 
line19_NY85 	 1 	 2 	 287235 	 18567383 	 18280149 
line19_NY85 	 1 	 3 	 18821766 	 18920250 	 98485 
line19_NY85 	 1 	 4 	 19114011 	 19199994 	 85984 
line19_NY85 	 1 	 5 	 19330543 	 19426240 	 95698 
line19_NY85 	 1 	 6 	 19789088 	 20139451 	 350364 
line19_NY85 	 1 	 7 	 20350926 	 20378785 	 27860 
line19_NY85 	 1 	 8 	 20520740 	 20671670 	 150931 
line19_NY85 	 1 	 9 	 20942200 	 20966096 	 23897 
line19_NY85 	 2 	 1 	 834872 	 973423 	 138552 
line19_NY85 	 2 	 2 	 1652525 	 1888954 	 236430 
line19_NY85 	 2 	 3 	 2003766 	 2666037 	 662272 
line19_NY85 	 2 	 4 	 2853240 	 21067657 	 18214418 
line19_NY85 	 3 	 1 	 6863857 	 6884930 	 21074 
line19_NY85 	 3 	 2 	 7517201 	 7565887 	 48687 
line19_NY85 	 3 	 3 	 12962932 	 12977616 	 14685 
line19_NY85 	 3 	 4 	 13611795 	 13669260 	 57466 
line19_NY85 	 3 	 5 	 14747670 	 14781707 	 34038 
line19_NY85 	 3 	 6 	 17259542 	 17278611 	 19070 
line19_NY85 	 4 	 1 	 19759221 	 20761957 	 1002737 
