sequence	contig	segment	start	stop	size
line06_CY08A 	 1 	 1 	 115532 	 125914 	 10383 
line06_CY08A 	 1 	 2 	 294165 	 18423635 	 18129471 
line06_CY08A 	 1 	 3 	 18548548 	 18563102 	 14555 
line06_CY08A 	 1 	 4 	 18803666 	 18932044 	 128379 
line06_CY08A 	 1 	 5 	 19166680 	 19464535 	 297856 
line06_CY08A 	 1 	 6 	 19727693 	 19971952 	 244260 
line06_CY08A 	 1 	 7 	 20344103 	 20365312 	 21210 
line06_CY08A 	 1 	 8 	 20679358 	 20711972 	 32615 
line06_CY08A 	 1 	 9 	 20812847 	 20851373 	 38527 
line06_CY08A 	 2 	 1 	 828926 	 1012194 	 183269 
line06_CY08A 	 2 	 2 	 1649495 	 1672628 	 23134 
line06_CY08A 	 2 	 3 	 1799031 	 1894155 	 95125 
line06_CY08A 	 2 	 4 	 2007362 	 2479726 	 472365 
line06_CY08A 	 2 	 5 	 2588799 	 2622701 	 33903 
line06_CY08A 	 2 	 6 	 2811693 	 2995268 	 183576 
line06_CY08A 	 2 	 7 	 3175014 	 4293532 	 1118519 
line06_CY08A 	 2 	 8 	 4617397 	 21064474 	 16447078 
line06_CY08A 	 3 	 1 	 6870809 	 6884928 	 14120 
line06_CY08A 	 3 	 2 	 7520115 	 12692311 	 5172197 
line06_CY08A 	 3 	 3 	 13589669 	 13609460 	 19792 
line06_CY08A 	 3 	 4 	 13755805 	 13769914 	 14110 
line06_CY08A 	 3 	 5 	 14407363 	 14538313 	 130951 
line06_CY08A 	 3 	 6 	 14747641 	 18764507 	 4016867 
