sequence	contig	segment	start	stop	size
line08_CY17C 	 0 	 1 	 105141 	 610938 	 505798 
line08_CY17C 	 1 	 1 	 37471 	 133378 	 95908 
line08_CY17C 	 1 	 2 	 288885 	 18583769 	 18294885 
line08_CY17C 	 1 	 3 	 18771781 	 18920294 	 148514 
line08_CY17C 	 1 	 4 	 19076359 	 19844887 	 768529 
line08_CY17C 	 1 	 5 	 19954914 	 19972505 	 17592 
line08_CY17C 	 1 	 6 	 20106468 	 20144123 	 37656 
line08_CY17C 	 1 	 7 	 20352435 	 20378785 	 26351 
line08_CY17C 	 1 	 8 	 20545229 	 20801446 	 256218 
line08_CY17C 	 1 	 9 	 20937836 	 20953216 	 15381 
line08_CY17C 	 2 	 1 	 32179 	 388774 	 356596 
line08_CY17C 	 2 	 2 	 994421 	 1032991 	 38571 
line08_CY17C 	 2 	 3 	 1652474 	 1885124 	 232651 
line08_CY17C 	 2 	 4 	 2069012 	 2544066 	 475055 
line08_CY17C 	 2 	 5 	 2810887 	 3891279 	 1080393 
line08_CY17C 	 2 	 6 	 4108071 	 4124488 	 16418 
line08_CY17C 	 2 	 7 	 4298546 	 4918850 	 620305 
line08_CY17C 	 2 	 8 	 5022044 	 11543428 	 6521385 
line08_CY17C 	 3 	 1 	 1117123 	 1277116 	 159994 
line08_CY17C 	 3 	 2 	 1814805 	 1834583 	 19779 
line08_CY17C 	 3 	 3 	 1942938 	 2119088 	 176151 
line08_CY17C 	 3 	 4 	 2223129 	 3853286 	 1630158 
line08_CY17C 	 3 	 5 	 5376616 	 5391305 	 14690 
line08_CY17C 	 3 	 6 	 6027164 	 13253661 	 7226498 
line08_CY17C 	 3 	 7 	 13764871 	 13887735 	 122865 
line08_CY17C 	 3 	 8 	 14015563 	 14084276 	 68714 
line08_CY17C 	 3 	 9 	 14338064 	 14572278 	 234215 
line08_CY17C 	 3 	 10 	 15194203 	 15210346 	 16144 
line08_CY17C 	 3 	 11 	 16277473 	 16291958 	 14486 
line08_CY17C 	 4 	 1 	 16819352 	 17108122 	 288771 
line08_CY17C 	 4 	 2 	 19201240 	 20126981 	 925742 
