sequence	contig	segment	start	stop	size
line02_CY28 	 1 	 1 	 42093 	 84443 	 42351 
line02_CY28 	 1 	 2 	 277229 	 18901497 	 18624269 
line02_CY28 	 1 	 3 	 19094721 	 19499899 	 405179 
line02_CY28 	 1 	 4 	 19725316 	 19969379 	 244064 
line02_CY28 	 1 	 5 	 20254302 	 20430936 	 176635 
line02_CY28 	 1 	 6 	 20602906 	 20945384 	 342479 
line02_CY28 	 2 	 1 	 932802 	 977642 	 44841 
line02_CY28 	 2 	 2 	 1472519 	 1487236 	 14718 
line02_CY28 	 2 	 3 	 1733448 	 3567420 	 1833973 
line02_CY28 	 2 	 4 	 3708738 	 3821899 	 113162 
line02_CY28 	 2 	 5 	 3974300 	 4090134 	 115835 
line02_CY28 	 2 	 6 	 4759772 	 5581193 	 821422 
line02_CY28 	 2 	 7 	 10865224 	 10881206 	 15983 
line02_CY28 	 3 	 1 	 6870802 	 6983730 	 112929 
line02_CY28 	 3 	 2 	 12644791 	 12655773 	 10983 
line02_CY28 	 3 	 3 	 12964103 	 12977990 	 13888 
line02_CY28 	 3 	 4 	 13396371 	 13407664 	 11294 
line02_CY28 	 3 	 5 	 13587258 	 14083459 	 496202 
line02_CY28 	 3 	 6 	 14419977 	 14558761 	 138785 
line02_CY28 	 3 	 7 	 14716999 	 14761517 	 44519 
line02_CY28 	 3 	 8 	 18703959 	 18815280 	 111322 
