sequence	contig	segment	start	stop	size
line03_CY01A 	 0 	 1 	 10089147 	 11068736 	 979590 
line03_CY01A 	 0 	 2 	 16950946 	 17649302 	 698357 
line03_CY01A 	 3 	 1 	 6867633 	 6884892 	 17260 
line03_CY01A 	 3 	 2 	 7353897 	 10465366 	 3111470 
line03_CY01A 	 3 	 3 	 12645512 	 12685510 	 39999 
line03_CY01A 	 3 	 4 	 13425579 	 14558552 	 1132974 
line03_CY01A 	 3 	 5 	 14752359 	 14809845 	 57487 
line03_CY01A 	 3 	 6 	 18711470 	 18764514 	 53045 
line03_CY01A 	 3 	 7 	 19148455 	 19163484 	 15030 
line03_CY01A 	 3 	 8 	 19629876 	 19667792 	 37917 
line03_CY01A 	 4 	 1 	 10495813 	 28798613 	 18302801 
