sequence	contig	segment	start	stop	size
line12_NY81 	 0 	 1 	 2918040 	 3313748 	 395709 
line12_NY81 	 3 	 1 	 6867596 	 7628916 	 761321 
line12_NY81 	 3 	 2 	 11726598 	 12976734 	 1250137 
line12_NY81 	 3 	 3 	 13384641 	 13401313 	 16673 
line12_NY81 	 3 	 4 	 13906846 	 13942347 	 35502 
line12_NY81 	 3 	 5 	 14747654 	 14779143 	 31490 
line12_NY81 	 4 	 1 	 18515902 	 19543124 	 1027223 
line12_NY81 	 4 	 2 	 19933245 	 20142540 	 209296 
line12_NY81 	 4 	 3 	 25513859 	 25825536 	 311678 
