sequence	contig	segment	start	stop	size
line05_CY04B 	 3 	 1 	 6864172 	 6884924 	 20753 
line05_CY04B 	 3 	 2 	 7520511 	 7532767 	 12257 
line05_CY04B 	 3 	 3 	 8079575 	 12685480 	 4605906 
line05_CY04B 	 3 	 4 	 13384453 	 13400702 	 16250 
line05_CY04B 	 3 	 5 	 13910069 	 14420771 	 510703 
line05_CY04B 	 3 	 6 	 14529262 	 14558570 	 29309 
line05_CY04B 	 3 	 7 	 14740604 	 14779156 	 38553 
line05_CY04B 	 3 	 8 	 16277473 	 16297954 	 20482 
line05_CY04B 	 3 	 9 	 17430048 	 18245061 	 815014 
line05_CY04B 	 4 	 1 	 20305208 	 20315374 	 10167 
