sequence	contig	segment	start	stop	size
line10_CY22B 	 2 	 1 	 9517641 	 9529066 	 11426 
line10_CY22B 	 2 	 2 	 17471150 	 17490931 	 19782 
line10_CY22B 	 3 	 1 	 6867596 	 6884977 	 17382 
line10_CY22B 	 3 	 2 	 7520295 	 7532606 	 12312 
line10_CY22B 	 3 	 3 	 12644780 	 12691631 	 46852 
line10_CY22B 	 3 	 4 	 13755789 	 13887740 	 131952 
line10_CY22B 	 3 	 5 	 14188623 	 14201604 	 12982 
line10_CY22B 	 3 	 6 	 14516845 	 14562806 	 45962 
line10_CY22B 	 4 	 1 	 12410305 	 13374141 	 963837 
line10_CY22B 	 4 	 2 	 16374494 	 16764867 	 390374 
line10_CY22B 	 4 	 3 	 20078285 	 21435980 	 1357696 
