sequence	contig	segment	start	stop	size
line04_CY02B5 	 0 	 1 	 11150167 	 11512237 	 362071 
line04_CY02B5 	 1 	 1 	 1738546 	 12015241 	 10276696 
line04_CY02B5 	 1 	 2 	 17976976 	 18418879 	 441904 
line04_CY02B5 	 1 	 3 	 18522464 	 18570736 	 48273 
line04_CY02B5 	 1 	 4 	 18772145 	 18794582 	 22438 
line04_CY02B5 	 1 	 5 	 18903536 	 18920454 	 16919 
line04_CY02B5 	 1 	 6 	 19296563 	 19310406 	 13844 
line04_CY02B5 	 1 	 7 	 19481690 	 19511944 	 30255 
line04_CY02B5 	 1 	 8 	 19827665 	 19895178 	 67514 
line04_CY02B5 	 1 	 9 	 20806524 	 20818384 	 11861 
line04_CY02B5 	 2 	 1 	 863394 	 1021813 	 158420 
line04_CY02B5 	 2 	 2 	 1706063 	 1863235 	 157173 
line04_CY02B5 	 2 	 3 	 2006729 	 2333841 	 327113 
line04_CY02B5 	 2 	 4 	 2446255 	 2502332 	 56078 
line04_CY02B5 	 2 	 5 	 2691027 	 2714911 	 23885 
line04_CY02B5 	 2 	 6 	 2822508 	 21091978 	 18269471 
line04_CY02B5 	 3 	 1 	 6865919 	 6884901 	 18983 
line04_CY02B5 	 3 	 2 	 12636356 	 12684766 	 48411 
line04_CY02B5 	 3 	 3 	 13753931 	 14260367 	 506437 
line04_CY02B5 	 3 	 4 	 14758639 	 14781487 	 22849 
line04_CY02B5 	 3 	 5 	 15205434 	 15217097 	 11664 
line04_CY02B5 	 3 	 6 	 16277473 	 16291995 	 14523 
line04_CY02B5 	 4 	 1 	 18761385 	 19732263 	 970879 
line04_CY02B5 	 4 	 2 	 21076718 	 21309999 	 233282 
line04_CY02B5 	 4 	 3 	 23153172 	 26874200 	 3721029 
line04_CY02B5 	 4 	 4 	 27888262 	 28144491 	 256230 
