sequence	contig	segment	start	stop	size
line11_NY66-2 	 0 	 1 	 8404181 	 12648823 	 4244643 
line11_NY66-2 	 0 	 2 	 13253482 	 13521043 	 267562 
line11_NY66-2 	 1 	 1 	 1738333 	 1755689 	 17357 
line11_NY66-2 	 2 	 1 	 17881433 	 17910676 	 29244 
line11_NY66-2 	 3 	 1 	 6867621 	 6884909 	 17289 
line11_NY66-2 	 3 	 2 	 12962294 	 12977990 	 15697 
line11_NY66-2 	 3 	 3 	 13589740 	 13669310 	 79571 
line11_NY66-2 	 3 	 4 	 14188968 	 14299613 	 110646 
line11_NY66-2 	 3 	 5 	 14549245 	 14572278 	 23034 
line11_NY66-2 	 3 	 6 	 14740597 	 14780716 	 40120 
line11_NY66-2 	 3 	 7 	 17193230 	 17207071 	 13842 
