sequence	contig	segment	start	stop	size
line17_NY73 	 1 	 1 	 33129 	 127699 	 94571 
line17_NY73 	 1 	 2 	 294835 	 1788695 	 1493861 
line17_NY73 	 1 	 3 	 2155841 	 6086138 	 3930298 
line17_NY73 	 1 	 4 	 8454293 	 11875507 	 3421215 
line17_NY73 	 1 	 5 	 13631223 	 14008753 	 377531 
line17_NY73 	 2 	 1 	 8948946 	 8964623 	 15678 
line17_NY73 	 2 	 2 	 9073698 	 9301831 	 228134 
line17_NY73 	 2 	 3 	 19477293 	 20362021 	 884729 
line17_NY73 	 3 	 1 	 6867633 	 6884978 	 17346 
line17_NY73 	 3 	 2 	 7517185 	 7532606 	 15422 
line17_NY73 	 3 	 3 	 12963620 	 12977796 	 14177 
