sequence	contig	segment	start	stop	size
line15_NY62 	 1 	 1 	 16427 	 297515 	 281089 
line15_NY62 	 1 	 2 	 435724 	 457045 	 21322 
line15_NY62 	 1 	 3 	 11096974 	 11112761 	 15788 
line15_NY62 	 1 	 4 	 16473854 	 16510562 	 36709 
line15_NY62 	 1 	 5 	 17422634 	 17481699 	 59066 
line15_NY62 	 1 	 6 	 17612657 	 17865003 	 252347 
line15_NY62 	 1 	 7 	 17979605 	 18213166 	 233562 
line15_NY62 	 1 	 8 	 18335938 	 22302849 	 3966912 
line15_NY62 	 2 	 1 	 827113 	 1033552 	 206440 
line15_NY62 	 2 	 2 	 1736697 	 2347238 	 610542 
line15_NY62 	 2 	 3 	 2606614 	 20498789 	 17892176 
line15_NY62 	 3 	 1 	 6865774 	 6884850 	 19077 
line15_NY62 	 3 	 2 	 7405530 	 7423193 	 17664 
line15_NY62 	 3 	 3 	 12962932 	 12977994 	 15063 
line15_NY62 	 3 	 4 	 13589080 	 13628320 	 39241 
line15_NY62 	 3 	 5 	 13868351 	 14538052 	 669702 
line15_NY62 	 3 	 6 	 14758626 	 14781716 	 23091 
line15_NY62 	 3 	 7 	 17548909 	 17590232 	 41324 
line15_NY62 	 3 	 8 	 21470975 	 21718724 	 247750 
